id,y
0,0
1,2
2,0
3,0
4,0
5,0
6,3
7,2
8,2
9,0
10,0
11,0
12,2
13,0
14,0
15,2
16,0
17,0
18,2
19,1
20,2
21,2
22,0
23,1
24,0
25,0
26,2
27,0
28,0
29,2
30,0
31,0
32,0
33,2
34,2
35,2
36,2
37,0
38,0
39,0
40,0
41,1
42,0
43,0
44,2
45,0
46,0
47,0
48,0
49,2
50,0
51,0
52,3
53,1
54,0
55,0
56,0
57,2
58,0
59,2
60,0
61,0
62,0
63,0
64,2
65,2
66,2
67,0
68,0
69,2
70,0
71,0
72,1
73,0
74,0
75,2
76,2
77,2
78,0
79,2
80,2
81,0
82,0
83,0
84,0
85,0
86,0
87,2
88,3
89,0
90,2
91,0
92,3
93,2
94,2
95,0
96,3
97,1
98,0
99,0
100,0
101,0
102,0
103,0
104,2
105,0
106,0
107,0
108,0
109,0
110,0
111,0
112,0
113,0
114,0
115,0
116,1
117,0
118,3
119,2
120,2
121,2
122,0
123,0
124,0
125,0
126,0
127,0
128,0
129,0
130,0
131,0
132,1
133,0
134,0
135,0
136,0
137,3
138,0
139,1
140,1
141,1
142,0
143,2
144,0
145,2
146,3
147,0
148,0
149,0
150,0
151,2
152,0
153,0
154,3
155,0
156,0
157,0
158,0
159,1
160,0
161,3
162,0
163,0
164,3
165,0
166,2
167,0
168,2
169,0
170,1
171,0
172,1
173,0
174,1
175,0
176,0
177,1
178,0
179,0
180,0
181,3
182,3
183,0
184,0
185,0
186,0
187,2
188,0
189,0
190,0
191,0
192,0
193,0
194,0
195,0
196,3
197,0
198,0
199,0
200,0
201,2
202,0
203,2
204,2
205,2
206,0
207,0
208,0
209,0
210,2
211,0
212,0
213,0
214,3
215,0
216,2
217,0
218,1
219,0
220,0
221,0
222,0
223,3
224,0
225,0
226,2
227,0
228,0
229,0
230,2
231,0
232,1
233,1
234,0
235,0
236,2
237,0
238,2
239,0
240,0
241,0
242,0
243,2
244,0
245,0
246,0
247,1
248,2
249,0
250,0
251,3
252,2
253,0
254,0
255,0
256,0
257,0
258,2
259,2
260,0
261,2
262,0
263,0
264,2
265,2
266,2
267,2
268,2
269,2
270,0
271,0
272,3
273,0
274,0
275,2
276,0
277,2
278,0
279,0
280,0
281,0
282,2
283,0
284,2
285,1
286,0
287,2
288,0
289,0
290,0
291,0
292,2
293,2
294,0
295,2
296,0
297,0
298,0
299,0
300,2
301,0
302,0
303,0
304,0
305,2
306,0
307,0
308,1
309,0
310,0
311,0
312,3
313,0
314,3
315,1
316,0
317,0
318,0
319,0
320,0
321,0
322,0
323,0
324,0
325,0
326,0
327,0
328,1
329,0
330,2
331,0
332,2
333,0
334,0
335,0
336,2
337,0
338,0
339,0
340,0
341,0
342,0
343,0
344,0
345,2
346,0
347,0
348,2
349,0
350,0
351,0
352,0
353,2
354,2
355,2
356,2
357,0
358,0
359,0
360,0
361,0
362,0
363,0
364,0
365,1
366,0
367,2
368,0
369,0
370,0
371,2
372,2
373,2
374,0
375,0
376,0
377,0
378,0
379,0
380,0
381,0
382,0
383,0
384,0
385,0
386,0
387,2
388,0
389,0
390,0
391,0
392,2
393,1
394,3
395,0
396,0
397,0
398,0
399,2
400,0
401,1
402,0
403,0
404,0
405,2
406,0
407,0
408,0
409,0
410,0
411,0
412,0
413,0
414,0
415,2
416,0
417,0
418,0
419,0
420,2
421,3
422,0
423,2
424,2
425,2
426,0
427,0
428,2
429,1
430,3
431,2
432,2
433,2
434,0
435,0
436,0
437,0
438,3
439,2
440,0
441,0
442,2
443,2
444,0
445,0
446,0
447,2
448,0
449,0
450,0
451,0
452,0
453,0
454,2
455,0
456,0
457,2
458,1
459,2
460,0
461,3
462,2
463,0
464,0
465,2
466,0
467,2
468,0
469,0
470,2
471,0
472,0
473,2
474,3
475,0
476,0
477,0
478,0
479,0
480,0
481,0
482,2
483,0
484,0
485,0
486,0
487,2
488,0
489,0
490,0
491,0
492,1
493,2
494,0
495,2
496,0
497,2
498,2
499,0
500,0
501,1
502,0
503,0
504,0
505,0
506,0
507,1
508,1
509,0
510,0
511,0
512,2
513,0
514,0
515,0
516,0
517,2
518,0
519,2
520,0
521,2
522,0
523,0
524,0
525,2
526,1
527,0
528,0
529,0
530,0
531,0
532,3
533,2
534,0
535,2
536,0
537,0
538,0
539,0
540,0
541,0
542,0
543,2
544,0
545,2
546,0
547,0
548,0
549,0
550,0
551,0
552,0
553,0
554,0
555,2
556,2
557,0
558,2
559,2
560,0
561,0
562,0
563,0
564,2
565,2
566,0
567,2
568,0
569,0
570,0
571,0
572,0
573,2
574,0
575,0
576,0
577,0
578,2
579,0
580,0
581,0
582,0
583,0
584,2
585,0
586,0
587,1
588,0
589,2
590,0
591,0
592,1
593,0
594,2
595,0
596,0
597,0
598,0
599,0
600,0
601,1
602,0
603,1
604,0
605,2
606,2
607,2
608,0
609,1
610,0
611,1
612,3
613,2
614,0
615,2
616,0
617,1
618,0
619,2
620,0
621,1
622,0
623,0
624,3
625,0
626,0
627,0
628,2
629,2
630,0
631,0
632,0
633,0
634,3
635,2
636,2
637,0
638,3
639,2
640,2
641,0
642,0
643,0
644,0
645,0
646,0
647,2
648,0
649,0
650,2
651,0
652,1
653,3
654,2
655,0
656,0
657,0
658,0
659,2
660,1
661,2
662,0
663,0
664,0
665,2
666,0
667,0
668,0
669,0
670,0
671,0
672,0
673,2
674,0
675,0
676,0
677,0
678,0
679,2
680,2
681,0
682,2
683,2
684,0
685,0
686,0
687,2
688,0
689,0
690,1
691,2
692,0
693,2
694,3
695,1
696,2
697,0
698,0
699,2
700,0
701,2
702,0
703,0
704,0
705,2
706,0
707,0
708,0
709,2
710,0
711,0
712,0
713,0
714,0
715,2
716,2
717,0
718,0
719,2
720,2
721,0
722,0
723,0
724,0
725,0
726,2
727,2
728,0
729,1
730,2
731,0
732,2
733,0
734,0
735,3
736,0
737,0
738,2
739,3
740,0
741,0
742,0
743,0
744,2
745,0
746,0
747,2
748,0
749,0
750,2
751,0
752,0
753,0
754,0
755,0
756,0
757,2
758,1
759,0
760,0
761,2
762,0
763,0
764,0
765,2
766,2
767,0
768,0
769,2
770,0
771,2
772,2
773,0
774,2
775,2
776,0
777,0
778,0
779,2
780,0
781,0
782,0
783,0
784,2
785,0
786,2
787,0
788,0
789,0
790,0
791,0
792,0
793,0
794,0
795,0
796,2
797,0
798,2
799,0
800,1
801,2
802,2
803,0
804,0
805,0
806,0
807,0
808,2
809,0
810,0
811,2
812,0
813,2
814,0
815,0
816,0
817,0
818,0
819,0
820,0
821,0
822,2
823,0
824,0
825,2
826,0
827,0
828,2
829,0
830,0
831,0
832,0
833,0
834,0
835,0
836,2
837,0
838,0
839,0
840,2
841,2
842,0
843,0
844,2
845,2
846,0
847,0
848,0
849,0
850,1
851,0
852,0
853,0
854,0
855,0
856,1
857,1
858,1
859,2
860,0
861,0
862,0
863,0
864,0
865,2
866,1
867,0
868,2
869,2
870,2
871,3
872,2
873,0
874,0
875,1
876,0
877,1
878,0
879,0
880,0
881,2
882,1
883,2
884,0
885,0
886,2
887,0
888,0
889,2
890,2
891,0
892,0
893,2
894,0
895,0
896,0
897,2
898,0
899,2
900,0
901,2
902,2
903,0
904,0
905,0
906,0
907,0
908,2
909,2
910,2
911,0
912,2
913,1
914,0
915,2
916,2
917,2
918,2
919,0
920,2
921,0
922,0
923,0
924,2
925,1
926,0
927,2
928,0
929,0
930,1
931,0
932,2
933,2
934,0
935,2
936,0
937,0
938,0
939,0
940,0
941,0
942,2
943,0
944,0
945,0
946,0
947,3
948,2
949,2
950,0
951,0
952,0
953,2
954,0
955,0
956,0
957,0
958,0
959,2
960,0
961,2
962,2
963,0
964,0
965,0
966,2
967,2
968,2
969,0
970,1
971,2
972,2
973,0
974,0
975,0
976,0
977,2
978,0
979,0
980,3
981,0
982,1
983,0
984,2
985,0
986,0
987,0
988,0
989,0
990,0
991,1
992,0
993,3
994,0
995,2
996,0
997,1
998,0
999,0
1000,0
1001,0
1002,1
1003,0
1004,0
1005,0
1006,0
1007,2
1008,0
1009,1
1010,2
1011,0
1012,2
1013,1
1014,0
1015,2
1016,0
1017,0
1018,2
1019,2
1020,0
1021,0
1022,0
1023,1
1024,0
1025,2
1026,0
1027,0
1028,0
1029,2
1030,2
1031,2
1032,1
1033,0
1034,1
1035,0
1036,0
1037,0
1038,0
1039,0
1040,2
1041,2
1042,0
1043,2
1044,0
1045,0
1046,0
1047,1
1048,0
1049,2
1050,0
1051,2
1052,1
1053,0
1054,0
1055,2
1056,0
1057,0
1058,0
1059,0
1060,2
1061,2
1062,2
1063,0
1064,0
1065,0
1066,1
1067,2
1068,1
1069,0
1070,0
1071,0
1072,2
1073,0
1074,0
1075,0
1076,0
1077,2
1078,0
1079,0
1080,0
1081,0
1082,1
1083,2
1084,0
1085,0
1086,2
1087,0
1088,2
1089,0
1090,2
1091,0
1092,2
1093,2
1094,0
1095,0
1096,0
1097,2
1098,2
1099,0
1100,2
1101,2
1102,2
1103,3
1104,0
1105,0
1106,1
1107,0
1108,0
1109,0
1110,2
1111,2
1112,1
1113,2
1114,2
1115,2
1116,0
1117,2
1118,0
1119,0
1120,2
1121,0
1122,0
1123,0
1124,0
1125,2
1126,0
1127,1
1128,0
1129,3
1130,0
1131,2
1132,0
1133,2
1134,2
1135,0
1136,0
1137,2
1138,1
1139,2
1140,2
1141,2
1142,0
1143,0
1144,0
1145,0
1146,2
1147,0
1148,0
1149,0
1150,0
1151,0
1152,0
1153,2
1154,0
1155,2
1156,1
1157,2
1158,2
1159,0
1160,0
1161,0
1162,0
1163,0
1164,2
1165,0
1166,1
1167,0
1168,0
1169,0
1170,1
1171,2
1172,0
1173,2
1174,2
1175,0
1176,3
1177,0
1178,0
1179,0
1180,1
1181,2
1182,2
1183,0
1184,0
1185,0
1186,0
1187,1
1188,0
1189,2
1190,2
1191,0
1192,2
1193,0
1194,2
1195,0
1196,2
1197,2
1198,0
1199,0
1200,0
1201,0
1202,0
1203,0
1204,0
1205,0
1206,0
1207,3
1208,2
1209,2
1210,2
1211,0
1212,0
1213,2
1214,0
1215,0
1216,0
1217,0
1218,0
1219,0
1220,0
1221,2
1222,0
1223,2
1224,0
1225,0
1226,0
1227,0
1228,0
1229,0
1230,0
1231,2
1232,2
1233,0
1234,2
1235,2
1236,0
1237,2
1238,0
1239,0
1240,2
1241,2
1242,0
1243,0
1244,2
1245,2
1246,0
1247,0
1248,0
1249,0
1250,0
1251,2
1252,0
1253,0
1254,0
1255,2
1256,0
1257,0
1258,1
1259,0
1260,0
1261,1
1262,0
1263,3
1264,2
1265,0
1266,0
1267,0
1268,2
1269,2
1270,3
1271,1
1272,0
1273,2
1274,2
1275,0
1276,0
1277,0
1278,0
1279,2
1280,2
1281,2
1282,0
1283,2
1284,2
1285,0
1286,1
1287,2
1288,2
1289,0
1290,0
1291,0
1292,2
1293,2
1294,0
1295,0
1296,0
1297,2
1298,2
1299,0
1300,2
1301,0
1302,0
1303,2
1304,0
1305,0
1306,0
1307,0
1308,1
1309,1
1310,0
1311,2
1312,0
1313,0
1314,0
1315,0
1316,0
1317,1
1318,2
1319,0
1320,0
1321,2
1322,0
1323,2
1324,2
1325,0
1326,0
1327,0
1328,0
1329,0
1330,2
1331,0
1332,0
1333,0
1334,0
1335,0
1336,0
1337,3
1338,0
1339,0
1340,0
1341,2
1342,0
1343,2
1344,0
1345,2
1346,0
1347,2
1348,2
1349,0
1350,3
1351,0
1352,0
1353,0
1354,2
1355,2
1356,0
1357,0
1358,2
1359,2
1360,1
1361,2
1362,0
1363,0
1364,0
1365,0
1366,0
1367,1
1368,0
1369,0
1370,2
1371,0
1372,2
1373,1
1374,0
1375,0
1376,1
1377,0
1378,1
1379,2
1380,3
1381,0
1382,1
1383,2
1384,0
1385,0
1386,1
1387,0
1388,1
1389,0
1390,0
1391,0
1392,2
1393,0
1394,0
1395,0
1396,2
1397,0
1398,0
1399,2
1400,0
1401,0
1402,0
1403,2
1404,0
1405,0
1406,0
1407,0
1408,2
1409,0
1410,2
1411,0
1412,0
1413,0
1414,0
1415,0
1416,0
1417,1
1418,0
1419,1
1420,0
1421,0
1422,0
1423,0
1424,0
1425,0
1426,0
1427,0
1428,0
1429,0
1430,0
1431,2
1432,2
1433,0
1434,0
1435,1
1436,1
1437,0
1438,0
1439,0
1440,0
1441,1
1442,0
1443,0
1444,0
1445,0
1446,0
1447,0
1448,0
1449,0
1450,2
1451,0
1452,2
1453,3
1454,2
1455,0
1456,0
1457,0
1458,0
1459,0
1460,2
1461,1
1462,0
1463,2
1464,0
1465,0
1466,1
1467,0
1468,3
1469,0
1470,0
1471,0
1472,0
1473,0
1474,2
1475,0
1476,0
1477,1
1478,0
1479,2
1480,0
1481,2
1482,0
1483,2
1484,0
1485,0
1486,1
1487,0
1488,2
1489,0
1490,0
1491,0
1492,2
1493,0
1494,0
1495,0
1496,2
1497,0
1498,1
1499,1
1500,0
1501,2
1502,2
1503,0
1504,3
1505,0
1506,0
1507,0
1508,0
1509,0
1510,3
1511,0
1512,0
1513,1
1514,0
1515,0
1516,1
1517,0
1518,2
1519,2
1520,0
1521,3
1522,0
1523,1
1524,0
1525,0
1526,0
1527,0
1528,0
1529,2
1530,0
1531,0
1532,0
1533,2
1534,0
1535,0
1536,0
1537,2
1538,0
1539,2
1540,2
1541,0
1542,0
1543,0
1544,0
1545,0
1546,0
1547,1
1548,2
1549,2
1550,3
1551,0
1552,0
1553,1
1554,0
1555,0
1556,2
1557,2
1558,0
1559,0
1560,2
1561,0
1562,0
1563,0
1564,2
1565,0
1566,1
1567,0
1568,0
1569,0
1570,1
1571,0
1572,2
1573,0
1574,0
1575,0
1576,2
1577,0
1578,0
1579,0
1580,0
1581,0
1582,2
1583,0
1584,0
1585,2
1586,0
1587,0
1588,2
1589,0
1590,1
1591,0
1592,0
1593,2
1594,0
1595,1
1596,0
1597,0
1598,2
1599,2
1600,0
1601,2
1602,0
1603,2
1604,0
1605,0
1606,1
1607,0
1608,0
1609,2
1610,0
1611,0
1612,0
1613,0
1614,0
1615,0
1616,0
1617,0
1618,1
1619,0
1620,0
1621,0
1622,0
1623,0
1624,0
1625,0
1626,3
1627,0
1628,0
1629,0
1630,2
1631,0
1632,2
1633,2
1634,0
1635,0
1636,0
1637,2
1638,3
1639,0
1640,0
1641,2
1642,2
1643,2
1644,0
1645,0
1646,2
1647,0
1648,0
1649,0
1650,0
1651,0
1652,3
1653,0
1654,0
1655,0
1656,3
1657,2
1658,2
1659,2
1660,0
1661,0
1662,0
1663,0
1664,0
1665,2
1666,0
1667,0
1668,1
1669,0
1670,3
1671,0
1672,0
1673,2
1674,2
1675,2
1676,2
1677,0
1678,0
1679,0
1680,0
1681,0
1682,1
1683,2
1684,2
1685,0
1686,0
1687,0
1688,0
1689,2
1690,0
1691,2
1692,3
1693,1
1694,0
1695,2
1696,1
1697,0
1698,1
1699,0
1700,0
1701,2
1702,2
1703,1
1704,0
1705,0
1706,1
1707,2
1708,2
1709,0
1710,2
1711,0
1712,0
1713,1
1714,2
1715,0
1716,2
1717,0
1718,0
1719,0
1720,0
1721,2
1722,0
1723,1
1724,2
1725,0
1726,0
1727,2
1728,2
1729,0
1730,0
1731,0
1732,1
1733,0
1734,2
1735,0
1736,2
1737,2
1738,3
1739,2
1740,2
1741,0
1742,0
1743,0
1744,0
1745,2
1746,2
1747,0
1748,2
1749,0
1750,0
1751,0
1752,0
1753,0
1754,0
1755,0
1756,2
1757,0
1758,0
1759,2
1760,2
1761,2
1762,0
1763,0
1764,0
1765,0
1766,0
1767,2
1768,0
1769,0
1770,0
1771,0
1772,0
1773,0
1774,2
1775,3
1776,2
1777,0
1778,2
1779,2
1780,1
1781,2
1782,2
1783,0
1784,2
1785,0
1786,2
1787,2
1788,0
1789,2
1790,0
1791,0
1792,3
1793,1
1794,0
1795,0
1796,0
1797,2
1798,2
1799,0
1800,0
1801,1
1802,0
1803,0
1804,0
1805,1
1806,1
1807,0
1808,0
1809,0
1810,0
1811,0
1812,0
1813,2
1814,2
1815,0
1816,0
1817,0
1818,2
1819,0
1820,0
1821,0
1822,1
1823,2
1824,2
1825,2
1826,0
1827,0
1828,0
1829,0
1830,0
1831,0
1832,0
1833,0
1834,2
1835,2
1836,0
1837,0
1838,0
1839,2
1840,0
1841,0
1842,0
1843,2
1844,0
1845,3
1846,0
1847,1
1848,2
1849,1
1850,0
1851,0
1852,0
1853,0
1854,0
1855,0
1856,0
1857,1
1858,0
1859,0
1860,2
1861,2
1862,0
1863,0
1864,0
1865,2
1866,0
1867,0
1868,0
1869,0
1870,0
1871,0
1872,0
1873,0
1874,0
1875,0
1876,0
1877,0
1878,2
1879,0
1880,0
1881,2
1882,0
1883,2
1884,2
1885,0
1886,0
1887,0
1888,0
1889,0
1890,0
1891,0
1892,0
1893,1
1894,0
1895,0
1896,2
1897,3
1898,0
1899,2
1900,0
1901,0
1902,0
1903,3
1904,0
1905,2
1906,2
1907,2
1908,1
1909,0
1910,0
1911,0
1912,1
1913,0
1914,3
1915,2
1916,2
1917,0
1918,3
1919,2
1920,0
1921,0
1922,0
1923,1
1924,0
1925,0
1926,0
1927,2
1928,2
1929,1
1930,1
1931,2
1932,2
1933,0
1934,0
1935,2
1936,0
1937,3
1938,2
1939,0
1940,0
1941,0
1942,2
1943,2
1944,0
1945,0
1946,2
1947,2
1948,0
1949,0
1950,0
1951,2
1952,1
1953,2
1954,2
1955,0
1956,0
1957,0
1958,3
1959,1
1960,0
1961,2
1962,1
1963,3
1964,0
1965,0
1966,2
1967,0
1968,2
1969,0
1970,0
1971,0
1972,0
1973,0
1974,2
1975,2
1976,0
1977,0
1978,0
1979,0
1980,0
1981,0
1982,1
1983,0
1984,0
1985,0
1986,0
1987,0
1988,0
1989,2
1990,2
1991,2
1992,0
1993,3
1994,0
1995,0
1996,2
1997,0
1998,1
1999,0
2000,0
2001,0
2002,0
2003,2
2004,0
2005,0
2006,2
2007,2
2008,0
2009,0
2010,2
2011,0
2012,2
2013,0
2014,0
2015,0
2016,2
2017,1
2018,0
2019,1
2020,0
2021,0
2022,0
2023,2
2024,1
2025,0
2026,0
2027,0
2028,0
2029,0
2030,2
2031,0
2032,3
2033,0
2034,2
2035,0
2036,2
2037,3
2038,0
2039,0
2040,0
2041,2
2042,0
2043,0
2044,0
2045,1
2046,0
2047,1
2048,0
2049,2
2050,0
2051,1
2052,2
2053,2
2054,1
2055,2
2056,0
2057,0
2058,2
2059,2
2060,2
2061,2
2062,0
2063,0
2064,2
2065,0
2066,3
2067,0
2068,0
2069,0
2070,2
2071,0
2072,2
2073,3
2074,0
2075,0
2076,2
2077,0
2078,0
2079,0
2080,0
2081,0
2082,2
2083,2
2084,0
2085,0
2086,0
2087,2
2088,0
2089,2
2090,0
2091,0
2092,0
2093,0
2094,0
2095,0
2096,0
2097,0
2098,0
2099,0
2100,0
2101,0
2102,0
2103,0
2104,2
2105,1
2106,0
2107,0
2108,1
2109,2
2110,0
2111,0
2112,0
2113,0
2114,2
2115,0
2116,0
2117,0
2118,0
2119,1
2120,0
2121,0
2122,2
2123,0
2124,1
2125,0
2126,2
2127,0
2128,1
2129,2
2130,0
2131,0
2132,2
2133,0
2134,0
2135,2
2136,0
2137,0
2138,0
2139,0
2140,0
2141,2
2142,0
2143,0
2144,2
2145,0
2146,0
2147,0
2148,0
2149,0
2150,0
2151,2
2152,0
2153,1
2154,2
2155,0
2156,0
2157,2
2158,0
2159,0
2160,2
2161,2
2162,2
2163,2
2164,0
2165,1
2166,0
2167,0
2168,0
2169,0
2170,0
2171,0
2172,0
2173,0
2174,2
2175,2
2176,0
2177,0
2178,1
2179,2
2180,0
2181,2
2182,0
2183,0
2184,2
2185,2
2186,0
2187,0
2188,0
2189,3
2190,0
2191,0
2192,2
2193,0
2194,0
2195,0
2196,0
2197,3
2198,3
2199,0
2200,0
2201,0
2202,0
2203,0
2204,0
2205,0
2206,1
2207,0
2208,0
2209,0
2210,0
2211,2
2212,0
2213,0
2214,0
2215,2
2216,2
2217,0
2218,0
2219,3
2220,2
2221,0
2222,1
2223,2
2224,2
2225,0
2226,2
2227,0
2228,2
2229,2
2230,0
2231,2
2232,0
2233,2
2234,2
2235,2
2236,2
2237,3
2238,0
2239,0
2240,3
2241,2
2242,0
2243,0
2244,0
2245,0
2246,0
2247,1
2248,2
2249,0
2250,0
2251,1
2252,0
2253,0
2254,0
2255,2
2256,0
2257,0
2258,0
2259,0
2260,2
2261,2
2262,0
2263,0
2264,0
2265,0
2266,0
2267,0
2268,0
2269,0
2270,0
2271,0
2272,0
2273,1
2274,2
2275,0
2276,1
2277,0
2278,0
2279,0
2280,0
2281,0
2282,1
2283,2
2284,0
2285,2
2286,2
2287,0
2288,1
2289,0
2290,0
2291,0
2292,0
2293,0
2294,0
2295,0
2296,2
2297,0
2298,3
2299,0
2300,1
2301,0
2302,2
2303,1
2304,2
2305,1
2306,2
2307,2
2308,2
2309,0
2310,2
2311,2
2312,2
2313,2
2314,0
2315,0
2316,0
2317,2
2318,0
2319,0
2320,0
2321,0
2322,0
2323,0
2324,2
2325,3
2326,2
2327,0
2328,0
2329,2
2330,1
2331,2
2332,2
2333,0
2334,0
2335,1
2336,2
2337,0
2338,2
2339,0
2340,2
2341,2
2342,2
2343,2
2344,2
2345,0
2346,1
2347,0
2348,0
2349,0
2350,0
2351,0
2352,0
2353,0
2354,0
2355,0
2356,0
2357,1
2358,0
2359,1
2360,0
2361,1
2362,2
2363,2
2364,2
2365,0
2366,2
2367,0
2368,0
2369,2
2370,1
2371,2
2372,0
2373,0
2374,0
2375,0
2376,2
2377,0
2378,2
2379,2
2380,0
2381,0
2382,0
2383,2
2384,0
2385,0
2386,0
2387,0
2388,0
2389,2
2390,2
2391,0
2392,0
2393,0
2394,0
2395,0
2396,2
2397,1
2398,3
2399,0
2400,0
2401,0
2402,0
2403,1
2404,0
2405,2
2406,0
2407,0
2408,2
2409,0
2410,0
2411,2
2412,2
2413,2
2414,0
2415,0
2416,0
2417,0
2418,0
2419,0
2420,0
2421,0
2422,0
2423,1
2424,0
2425,0
2426,0
2427,0
2428,0
2429,1
2430,1
2431,1
2432,0
2433,2
2434,1
2435,2
2436,2
2437,2
2438,2
2439,0
2440,0
2441,2
2442,1
2443,0
2444,2
2445,1
2446,0
2447,0
2448,0
2449,2
2450,0
2451,0
2452,1
2453,0
2454,0
2455,0
2456,0
2457,2
2458,0
2459,2
2460,0
2461,0
2462,0
2463,0
2464,2
2465,1
2466,1
2467,0
2468,0
2469,1
2470,0
2471,0
2472,0
2473,0
2474,0
2475,0
2476,1
2477,0
2478,0
2479,1
2480,0
2481,2
2482,0
2483,1
2484,2
2485,0
2486,0
2487,0
2488,2
2489,2
2490,0
2491,0
2492,0
2493,0
2494,0
2495,0
2496,0
2497,0
2498,0
2499,2
2500,0
2501,0
2502,3
2503,2
2504,2
2505,0
2506,0
2507,0
2508,0
2509,0
2510,0
2511,0
2512,2
2513,0
2514,0
2515,2
2516,0
2517,0
2518,2
2519,0
2520,1
2521,0
2522,0
2523,2
2524,0
2525,0
2526,2
2527,0
2528,1
2529,2
2530,0
2531,0
2532,2
2533,0
2534,0
2535,2
2536,2
2537,0
2538,2
2539,0
2540,0
2541,0
2542,1
2543,0
2544,0
2545,2
2546,1
2547,0
2548,1
2549,1
2550,3
2551,2
2552,2
2553,0
2554,2
2555,0
2556,0
2557,2
2558,2
2559,0
2560,0
2561,2
2562,2
2563,0
2564,2
2565,0
2566,0
2567,0
2568,0
2569,3
2570,0
2571,2
2572,1
2573,0
2574,0
2575,2
2576,0
2577,1
2578,0
2579,0
2580,0
2581,0
2582,0
2583,0
2584,2
2585,0
2586,0
2587,0
2588,2
2589,2
2590,2
2591,0
2592,0
2593,2
2594,0
2595,2
2596,0
2597,3
2598,0
2599,0
2600,3
2601,0
2602,0
2603,0
2604,2
2605,0
2606,0
2607,0
2608,2
2609,0
2610,0
2611,0
2612,0
2613,0
2614,0
2615,2
2616,0
2617,2
2618,0
2619,1
2620,0
2621,0
2622,2
2623,0
2624,0
2625,0
2626,0
2627,2
2628,0
2629,2
2630,1
2631,0
2632,0
2633,0
2634,2
2635,1
2636,2
2637,0
2638,2
2639,1
2640,3
2641,0
2642,1
2643,2
2644,0
2645,0
2646,0
2647,0
2648,0
2649,2
2650,0
2651,3
2652,0
2653,0
2654,0
2655,0
2656,0
2657,0
2658,0
2659,0
2660,0
2661,0
2662,0
2663,0
2664,2
2665,2
2666,0
2667,1
2668,1
2669,0
2670,2
2671,0
2672,1
2673,0
2674,1
2675,0
2676,2
2677,1
2678,1
2679,0
2680,0
2681,2
2682,0
2683,1
2684,0
2685,0
2686,0
2687,0
2688,0
2689,2
2690,2
2691,1
2692,0
2693,1
2694,0
2695,0
2696,0
2697,2
2698,0
2699,1
2700,0
2701,0
2702,0
2703,0
2704,2
2705,2
2706,1
2707,0
2708,0
2709,2
2710,0
2711,1
2712,0
2713,0
2714,0
2715,0
2716,0
2717,0
2718,2
2719,1
2720,0
2721,0
2722,0
2723,0
2724,0
2725,0
2726,0
2727,0
2728,1
2729,2
2730,2
2731,0
2732,0
2733,0
2734,0
2735,2
2736,0
2737,2
2738,2
2739,0
2740,2
2741,2
2742,2
2743,0
2744,0
2745,2
2746,0
2747,2
2748,0
2749,0
2750,0
2751,0
2752,1
2753,2
2754,0
2755,0
2756,0
2757,0
2758,0
2759,2
2760,0
2761,2
2762,0
2763,2
2764,2
2765,2
2766,0
2767,1
2768,0
2769,2
2770,0
2771,0
2772,2
2773,0
2774,0
2775,2
2776,1
2777,2
2778,2
2779,2
2780,0
2781,2
2782,2
2783,0
2784,2
2785,0
2786,0
2787,2
2788,0
2789,0
2790,0
2791,2
2792,0
2793,1
2794,0
2795,0
2796,2
2797,0
2798,2
2799,0
2800,2
2801,0
2802,1
2803,0
2804,0
2805,2
2806,1
2807,0
2808,2
2809,3
2810,2
2811,2
2812,0
2813,0
2814,0
2815,0
2816,2
2817,0
2818,0
2819,0
2820,0
2821,2
2822,0
2823,0
2824,0
2825,2
2826,0
2827,0
2828,0
2829,0
2830,2
2831,0
2832,0
2833,2
2834,1
2835,2
2836,3
2837,0
2838,2
2839,2
2840,0
2841,0
2842,2
2843,3
2844,1
2845,1
2846,0
2847,0
2848,0
2849,2
2850,2
2851,0
2852,2
2853,0
2854,0
2855,0
2856,0
2857,2
2858,1
2859,0
2860,0
2861,0
2862,1
2863,0
2864,2
2865,3
2866,2
2867,2
2868,2
2869,0
2870,0
2871,0
2872,2
2873,0
2874,2
2875,0
2876,0
2877,0
2878,0
2879,0
2880,2
2881,0
2882,0
2883,1
2884,0
2885,0
2886,2
2887,0
2888,2
2889,2
2890,2
2891,2
2892,0
2893,0
2894,0
2895,1
2896,0
2897,2
2898,2
2899,0
2900,0
2901,1
2902,1
2903,2
2904,2
2905,2
2906,2
2907,0
2908,1
2909,0
2910,2
2911,0
2912,2
2913,0
2914,0
2915,2
2916,0
2917,0
2918,0
2919,1
2920,0
2921,2
2922,0
2923,2
2924,2
2925,0
2926,0
2927,2
2928,0
2929,0
2930,2
2931,0
2932,0
2933,0
2934,0
2935,0
2936,2
2937,0
2938,1
2939,0
2940,2
2941,0
2942,0
2943,2
2944,2
2945,0
2946,0
2947,1
2948,0
2949,0
2950,0
2951,0
2952,0
2953,3
2954,2
2955,1
2956,3
2957,0
2958,0
2959,1
2960,0
2961,0
2962,2
2963,0
2964,0
2965,0
2966,0
2967,2
2968,0
2969,2
2970,2
2971,0
2972,2
2973,1
2974,0
2975,3
2976,0
2977,2
2978,0
2979,2
2980,0
2981,2
2982,2
2983,0
2984,2
2985,0
2986,0
2987,2
2988,1
2989,0
2990,2
2991,0
2992,3
2993,0
2994,0
2995,2
2996,0
2997,0
2998,2
2999,0
3000,0
3001,1
3002,0
3003,1
3004,2
3005,0
3006,0
3007,0
3008,2
3009,2
3010,2
3011,1
3012,0
3013,0
3014,0
3015,0
3016,2
3017,1
3018,0
3019,2
3020,1
3021,0
3022,0
3023,0
3024,1
3025,0
3026,0
3027,0
3028,2
3029,0
3030,0
3031,1
3032,2
3033,0
3034,0
3035,0
3036,0
3037,0
3038,0
3039,0
3040,0
3041,2
3042,2
3043,0
3044,0
3045,0
3046,0
3047,0
3048,0
3049,2
3050,1
3051,1
3052,0
3053,0
3054,0
3055,2
3056,0
3057,2
3058,0
3059,0
3060,0
3061,0
3062,0
3063,1
3064,0
3065,2
3066,0
3067,0
3068,1
3069,2
3070,0
3071,2
3072,0
3073,0
3074,0
3075,2
3076,2
3077,2
3078,2
3079,0
3080,0
3081,1
3082,2
3083,0
3084,0
3085,0
3086,2
3087,1
3088,0
3089,2
3090,0
3091,0
3092,0
3093,2
3094,2
3095,0
3096,0
3097,2
3098,0
3099,0
3100,0
3101,2
3102,2
3103,0
3104,2
3105,1
3106,0
3107,0
3108,1
3109,2
3110,0
3111,2
3112,2
3113,0
3114,0
3115,0
3116,2
3117,2
3118,2
3119,0
3120,1
3121,3
3122,0
3123,0
3124,2
3125,2
3126,1
3127,2
3128,0
3129,0
3130,0
3131,0
3132,0
3133,0
3134,1
3135,0
3136,0
3137,0
3138,0
3139,0
3140,2
3141,0
3142,3
3143,1
3144,0
3145,0
3146,0
3147,0
3148,0
3149,2
3150,0
3151,0
3152,0
3153,0
3154,1
3155,0
3156,2
3157,0
3158,0
3159,0
3160,1
3161,0
3162,0
3163,0
3164,0
3165,2
3166,0
3167,1
3168,0
3169,2
3170,0
3171,2
3172,0
3173,1
3174,0
3175,2
3176,0
3177,2
3178,0
3179,1
3180,0
3181,3
3182,0
3183,2
3184,2
3185,0
3186,0
3187,0
3188,2
3189,0
3190,2
3191,0
3192,2
3193,0
3194,0
3195,0
3196,0
3197,2
3198,2
3199,0
3200,2
3201,0
3202,0
3203,0
3204,0
3205,0
3206,0
3207,0
3208,2
3209,0
3210,0
3211,0
3212,0
3213,0
3214,0
3215,2
3216,3
3217,0
3218,0
3219,1
3220,2
3221,0
3222,0
3223,0
3224,0
3225,0
3226,0
3227,0
3228,2
3229,0
3230,0
3231,2
3232,2
3233,0
3234,3
3235,1
3236,0
3237,0
3238,1
3239,0
3240,0
3241,0
3242,0
3243,0
3244,0
3245,0
3246,2
3247,1
3248,2
3249,0
3250,0
3251,1
3252,0
3253,0
3254,0
3255,2
3256,0
3257,3
3258,2
3259,0
3260,0
3261,0
3262,0
3263,0
3264,2
3265,1
3266,0
3267,0
3268,0
3269,0
3270,1
3271,0
3272,0
3273,0
3274,0
3275,0
3276,2
3277,0
3278,0
3279,2
3280,0
3281,2
3282,0
3283,2
3284,0
3285,0
3286,0
3287,0
3288,0
3289,0
3290,0
3291,2
3292,0
3293,1
3294,1
3295,0
3296,0
3297,0
3298,0
3299,2
3300,2
3301,0
3302,2
3303,1
3304,0
3305,0
3306,0
3307,1
3308,0
3309,0
3310,0
3311,0
3312,2
3313,0
3314,2
3315,2
3316,2
3317,2
3318,0
3319,2
3320,0
3321,0
3322,2
3323,0
3324,0
3325,0
3326,0
3327,0
3328,0
3329,2
3330,0
3331,0
3332,0
3333,0
3334,0
3335,0
3336,0
3337,0
3338,0
3339,0
3340,2
3341,0
3342,0
3343,0
3344,2
3345,0
3346,0
3347,0
3348,0
3349,1
3350,3
3351,2
3352,2
3353,2
3354,0
3355,0
3356,2
3357,0
3358,0
3359,0
3360,0
3361,0
3362,0
3363,0
3364,0
3365,0
3366,0
3367,2
3368,1
3369,2
3370,2
3371,0
3372,0
3373,2
3374,2
3375,0
3376,2
3377,2
3378,0
3379,2
3380,0
3381,2
3382,2
3383,2
3384,0
3385,0
3386,3
3387,0
3388,0
3389,0
3390,2
3391,2
3392,0
3393,2
3394,2
3395,1
3396,0
3397,0
3398,1
3399,0
3400,1
3401,2
3402,0
3403,3
3404,0
3405,3
3406,2
3407,0
3408,0
3409,0
3410,1
